2 0.582295 0.607104 0.006750 0.015070
0 0.138889 0.853606 0.071132 0.142088
0 0.018692 0.716900 0.045691 0.092573
0 0.183801 0.613025 0.053998 0.091496
0 0.227155 0.503767 0.047248 0.081808
0 0.168744 0.447793 0.030114 0.062433
0 0.050104 0.458558 0.031672 0.066738
0 0.209761 0.303552 0.024922 0.055974
0 0.284268 0.314316 0.036864 0.060280
0 0.649533 0.313778 0.028037 0.061356
0 0.641485 0.231970 0.027518 0.052745
0 0.729491 0.389128 0.042575 0.078579
0 0.741433 0.265339 0.022845 0.054898
0 0.738577 0.184607 0.021288 0.065662
0 0.768692 0.530140 0.024403 0.061356
0 0.959242 0.773412 0.068017 0.128095
0 0.519990 0.536060 0.030633 0.064586
1 0.497404 0.501615 0.063344 0.107643
3 0.050104 0.876211 0.097092 0.150700
4 0.956127 0.114101 0.074247 0.170075
