4 0.956646 0.113025 0.073209 0.170075
3 0.104361 0.874058 0.202492 0.165770
2 0.601246 0.655005 0.008307 0.013994
1 0.501558 0.497847 0.056075 0.108719
0 0.607996 0.573735 0.058152 0.096878
0 0.709761 0.428956 0.029076 0.061356
0 0.775182 0.295479 0.023884 0.059203
0 0.848390 0.500000 0.036345 0.067815
0 0.868640 0.624327 0.034268 0.083961
0 0.944444 0.326157 0.028037 0.077503
0 0.923936 0.264263 0.030633 0.076426
0 0.327622 0.433262 0.026999 0.072121
0 0.214174 0.537137 0.050363 0.086114
0 0.167965 0.674381 0.051402 0.102260
0 0.100467 0.512917 0.029595 0.059203
0 0.106179 0.442949 0.028557 0.061356
0 0.212876 0.348224 0.026999 0.057051
0 0.307113 0.386437 0.022326 0.045210
0 0.364486 0.233046 0.024922 0.054898
0 0.450935 0.250269 0.031672 0.069968
