0 0.569315 0.664693 0.056594 0.119483
0 0.637072 0.662002 0.035306 0.079656
0 0.737799 0.494618 0.037383 0.082885
0 0.892783 0.636168 0.042056 0.083961
0 0.857736 0.363294 0.030114 0.072121
0 0.863707 0.811087 0.043094 0.078579
1 0.501558 0.497847 0.058152 0.104413
0 0.528037 0.241658 0.028037 0.063509
0 0.453271 0.194833 0.020768 0.045210
0 0.381620 0.406889 0.028037 0.073197
0 0.377985 0.337460 0.022845 0.050592
0 0.303738 0.282562 0.023884 0.052745
0 0.270249 0.342842 0.033749 0.052745
0 0.250519 0.452637 0.042056 0.080732
0 0.179907 0.405813 0.029595 0.053821
0 0.162773 0.575888 0.051402 0.086114
3 0.104881 0.874058 0.205607 0.161464
4 0.955867 0.114101 0.074766 0.170075
