0 0.575545 0.526911 0.058671 0.113025
0 0.684579 0.696986 0.043094 0.110872
0 0.582295 0.446717 0.025441 0.045210
0 0.626947 0.277718 0.023364 0.060280
0 0.624091 0.157696 0.021807 0.054898
0 0.717290 0.265339 0.031672 0.067815
0 0.717549 0.365985 0.029076 0.053821
0 0.788681 0.203983 0.033229 0.065662
0 0.276999 0.360065 0.032710 0.052745
0 0.296729 0.229817 0.022326 0.050592
0 0.244548 0.226050 0.020768 0.045210
0 0.180166 0.278794 0.019730 0.043057
0 0.143562 0.294403 0.025441 0.046286
0 0.179647 0.433800 0.037383 0.066738
0 0.061267 0.424112 0.032191 0.062433
0 0.017653 0.476857 0.026999 0.066738
0 0.062825 0.540366 0.040498 0.088267
1 0.500260 0.497309 0.055556 0.099031
3 0.103323 0.875135 0.202492 0.157158
4 0.954569 0.113563 0.077362 0.171152
