0 0.142523 0.564047 0.043094 0.073197
0 0.126168 0.489774 0.031153 0.062433
0 0.242991 0.471475 0.035306 0.062433
0 0.259086 0.343918 0.022845 0.041981
0 0.274663 0.503229 0.039460 0.059203
0 0.276999 0.551668 0.042056 0.072121
0 0.370197 0.379440 0.034268 0.069968
0 0.238837 0.256728 0.028037 0.039828
0 0.306334 0.171152 0.031153 0.055974
0 0.444964 0.174381 0.033229 0.047363
0 0.762721 0.347147 0.019730 0.057051
0 0.805556 0.381055 0.022326 0.047363
0 0.920820 0.333692 0.028557 0.068891
0 0.773884 0.267492 0.024403 0.054898
0 0.781412 0.198062 0.030114 0.058127
0 0.751817 0.137244 0.021807 0.052745
0 0.778816 0.088267 0.029076 0.060280
1 0.502336 0.493541 0.059709 0.104413
