0 0.116563 0.514532 0.036864 0.071044
0 0.191848 0.593111 0.041018 0.079656
0 0.197040 0.506997 0.031672 0.049516
0 0.250260 0.375135 0.020768 0.048439
0 0.226116 0.298708 0.031672 0.054898
0 0.329439 0.241119 0.030633 0.049516
0 0.334891 0.520452 0.030114 0.059203
0 0.348910 0.484930 0.033229 0.052745
0 0.382918 0.287944 0.027518 0.044133
0 0.600727 0.752422 0.031153 0.077503
0 0.765057 0.758881 0.035826 0.068891
0 0.778037 0.625942 0.038941 0.061356
0 0.724559 0.488698 0.049325 0.071044
0 0.612409 0.444564 0.037902 0.047363
0 0.584372 0.545210 0.044133 0.057051
0 0.717809 0.335845 0.031672 0.053821
0 0.737279 0.277718 0.037383 0.053821
0 0.800883 0.200215 0.031672 0.060280
