0 0.275182 0.362756 0.041537 0.075350
0 0.335929 0.223897 0.028037 0.051668
0 0.247404 0.231432 0.025441 0.066738
0 0.168484 0.308934 0.024403 0.053821
0 0.139408 0.288482 0.025441 0.055974
0 0.124611 0.458558 0.043614 0.083961
0 0.060488 0.424112 0.034787 0.068891
0 0.068795 0.504844 0.047248 0.088267
0 0.516874 0.505920 0.050363 0.101184
0 0.586968 0.444564 0.029595 0.053821
0 0.656282 0.624327 0.034268 0.103337
0 0.662513 0.297094 0.024922 0.043057
0 0.625130 0.163617 0.021807 0.047363
0 0.718069 0.368676 0.025961 0.069968
0 0.744548 0.237352 0.032191 0.082885
0 0.786345 0.206136 0.041018 0.069968
1 0.502077 0.500538 0.057113 0.114101
2 0.569574 0.551130 0.008307 0.015070
0 0.595535 0.547901 0.039460 0.038751
3 0.103583 0.875673 0.197819 0.160388
4 0.956906 0.111948 0.072690 0.172228
