0 0.284787 0.673843 0.044133 0.090420
0 0.083853 0.480086 0.027518 0.038751
0 0.287383 0.536060 0.051402 0.094726
0 0.225857 0.325619 0.020768 0.046286
0 0.347092 0.384284 0.023364 0.051668
0 0.334112 0.275027 0.021288 0.039828
0 0.392783 0.326695 0.018172 0.037675
0 0.467030 0.365985 0.032710 0.073197
0 0.738577 0.483315 0.027518 0.064586
0 0.915369 0.655005 0.045691 0.087191
0 0.835929 0.363294 0.025961 0.063509
0 0.826584 0.269107 0.024922 0.053821
0 0.874611 0.333154 0.025441 0.050592
0 0.907580 0.309473 0.035306 0.057051
0 0.859553 0.196986 0.028557 0.053821
1 0.501298 0.491927 0.056594 0.090420
3 0.106179 0.873520 0.207165 0.164693
4 0.954309 0.114101 0.077882 0.170075
