0 0.691070 0.537137 0.030114 0.071044
0 0.768692 0.454252 0.027518 0.066738
0 0.726376 0.283100 0.030114 0.051668
0 0.787902 0.221744 0.025441 0.049516
0 0.826584 0.112487 0.030114 0.063509
0 0.860592 0.222820 0.029595 0.073197
0 0.872793 0.376211 0.034268 0.059203
0 0.902908 0.414424 0.030114 0.068891
0 0.938993 0.689451 0.055556 0.106566
0 0.457684 0.289020 0.031672 0.054898
0 0.376428 0.250269 0.029076 0.044133
0 0.383437 0.460710 0.036864 0.071044
0 0.338525 0.480624 0.040498 0.087191
0 0.259086 0.806781 0.055036 0.106566
0 0.074507 0.550592 0.038941 0.074273
0 0.217549 0.407966 0.026999 0.071044
0 0.245846 0.355759 0.030633 0.057051
0 0.168484 0.250269 0.031672 0.054898
1 0.501817 0.498924 0.057632 0.104413
3 0.105400 0.873520 0.207684 0.160388
4 0.956906 0.114101 0.072690 0.170075
