0 0.166667 0.719591 0.056075 0.085038
0 0.112150 0.613563 0.043614 0.066738
0 0.206646 0.528525 0.033229 0.058127
0 0.250260 0.538213 0.044652 0.073197
0 0.173936 0.322928 0.031153 0.049516
0 0.289979 0.373520 0.025441 0.047363
0 0.336189 0.241119 0.023364 0.049516
0 0.373832 0.260495 0.028037 0.047363
0 0.389668 0.383746 0.039979 0.074273
0 0.581776 0.682454 0.039979 0.086114
0 0.715732 0.757804 0.033749 0.083961
0 0.735462 0.663617 0.036864 0.065662
0 0.622534 0.527449 0.032191 0.077503
0 0.658879 0.476857 0.040498 0.060280
0 0.782191 0.455328 0.037902 0.086114
0 0.794652 0.391281 0.038941 0.069968
0 0.693406 0.283638 0.041018 0.078579
0 0.807632 0.231432 0.042056 0.077503
