0 0.626428 0.483854 0.053479 0.095802
0 0.568536 0.536060 0.029076 0.071044
0 0.560748 0.429494 0.030114 0.062433
0 0.567238 0.268030 0.021288 0.040904
0 0.546989 0.167384 0.022326 0.048439
0 0.641225 0.242734 0.033229 0.052745
0 0.655244 0.331539 0.023884 0.053821
0 0.681205 0.179763 0.029076 0.058127
0 0.780633 0.672228 0.054517 0.115178
0 0.168484 0.456405 0.035826 0.071044
0 0.217030 0.284177 0.026999 0.047363
0 0.142004 0.287944 0.020249 0.044133
0 0.076064 0.364370 0.023364 0.046286
0 0.029855 0.389666 0.029595 0.064586
0 0.120976 0.537137 0.043614 0.081808
0 0.026739 0.755651 0.047248 0.101184
1 0.501298 0.497847 0.055556 0.100108
3 0.104102 0.856297 0.200935 0.082885
4 0.953531 0.115178 0.076324 0.172228
