0 0.493250 0.579117 0.060228 0.101184
0 0.356438 0.675457 0.064901 0.091496
0 0.662773 0.451023 0.018172 0.062433
0 0.686397 0.457481 0.018692 0.066738
0 0.713136 0.233584 0.025441 0.066738
0 0.728453 0.178687 0.014538 0.036598
0 0.758567 0.211518 0.031153 0.044133
0 0.809709 0.155544 0.022326 0.037675
0 0.606698 0.192680 0.030633 0.053821
0 0.625389 0.128633 0.021288 0.037675
0 0.579699 0.103875 0.021288 0.041981
0 0.482347 0.145318 0.034268 0.051668
0 0.697560 0.927341 0.047248 0.076426
0 0.971703 0.666846 0.043094 0.110872
1 0.501038 0.498385 0.056075 0.101184
3 0.103583 0.875135 0.199896 0.155005
4 0.956906 0.113563 0.072690 0.166846
