0 0.629803 0.523143 0.052960 0.099031
0 0.335929 0.476319 0.044652 0.078579
0 0.236241 0.543595 0.045691 0.079656
0 0.184320 0.808934 0.061267 0.097955
0 0.036604 0.558127 0.034787 0.063509
0 0.174195 0.422497 0.031672 0.063509
0 0.229491 0.371905 0.031153 0.057051
0 0.137072 0.278794 0.033229 0.049516
0 0.303738 0.218515 0.021807 0.049516
0 0.402648 0.236276 0.026480 0.059203
0 0.708463 0.469322 0.024403 0.073197
0 0.673157 0.322928 0.027518 0.058127
0 0.738577 0.230893 0.030633 0.059203
0 0.786604 0.119483 0.033229 0.064586
0 0.825286 0.196986 0.034787 0.077503
0 0.818795 0.379440 0.024922 0.059203
0 0.829958 0.473628 0.031672 0.068891
0 0.857736 0.692680 0.047767 0.102260
1 0.501038 0.495156 0.056075 0.099031
3 0.077103 0.875135 0.143821 0.157158
4 0.955348 0.113563 0.075805 0.171152
