2 0.486241 0.545210 0.007788 0.016146
0 0.379543 0.653929 0.070613 0.108719
0 0.503115 0.582885 0.034268 0.059203
0 0.661994 0.443488 0.031153 0.077503
0 0.744548 0.494080 0.035306 0.064586
0 0.731308 0.833692 0.047248 0.102260
0 0.901869 0.504306 0.043614 0.091496
0 0.683022 0.259419 0.025441 0.051668
0 0.718847 0.222820 0.016096 0.040904
0 0.740135 0.235199 0.023364 0.044133
0 0.657840 0.212594 0.014538 0.039828
0 0.617342 0.201830 0.016615 0.035522
0 0.566459 0.233584 0.020768 0.045210
0 0.467549 0.206136 0.026480 0.041981
0 0.515836 0.157696 0.019211 0.037675
1 0.502336 0.502691 0.056594 0.111948
0 0.498442 0.503767 0.021807 0.060280
3 0.105140 0.875135 0.206127 0.163617
4 0.956906 0.113563 0.072690 0.173305
