4 0.956906 0.114101 0.072690 0.172228
3 0.101506 0.869752 0.199896 0.167922
0 0.261163 0.815931 0.050883 0.105490
0 0.072430 0.560818 0.031672 0.053821
0 0.154725 0.468245 0.034268 0.058127
0 0.246885 0.361679 0.026480 0.045210
0 0.166147 0.254575 0.024922 0.044133
0 0.353583 0.472551 0.038422 0.077503
0 0.418224 0.403122 0.034787 0.063509
0 0.459761 0.292788 0.027518 0.051668
0 0.370717 0.250269 0.021807 0.046286
0 0.720145 0.280409 0.026999 0.048439
0 0.780633 0.216900 0.024403 0.052745
0 0.747664 0.459096 0.028037 0.063509
0 0.823468 0.730893 0.035306 0.079656
0 0.966511 0.653391 0.053479 0.103337
0 0.900312 0.407966 0.022845 0.053821
0 0.868640 0.366523 0.028037 0.054898
0 0.852285 0.224973 0.027518 0.066738
0 0.820353 0.110872 0.024922 0.051668
1 0.501298 0.504844 0.055556 0.114101
