0 0.121755 0.678149 0.068017 0.088267
0 0.119159 0.504306 0.044133 0.082885
0 0.276999 0.573735 0.043094 0.094726
0 0.251038 0.450484 0.047248 0.067815
0 0.198598 0.333692 0.031672 0.051668
0 0.329699 0.354144 0.031153 0.047363
0 0.319574 0.314855 0.026480 0.048439
0 0.389408 0.264263 0.029076 0.057051
0 0.397456 0.369214 0.036864 0.071044
0 0.520249 0.733584 0.031153 0.052745
0 0.574247 0.599031 0.039460 0.080732
0 0.747144 0.766416 0.040498 0.064586
0 0.764798 0.664693 0.044652 0.074273
0 0.660955 0.479010 0.040498 0.064586
0 0.788941 0.474166 0.039979 0.076426
0 0.792575 0.319160 0.041018 0.089343
0 0.665888 0.245425 0.036864 0.071044
0 0.760644 0.182454 0.044652 0.080732
