0 0.951454 0.884822 0.049325 0.094726
0 0.876687 0.620560 0.034787 0.061356
0 0.618640 0.322928 0.029595 0.066738
0 0.632399 0.234123 0.025961 0.048439
0 0.614226 0.146932 0.023884 0.044133
0 0.576843 0.269107 0.032191 0.053821
0 0.510125 0.178149 0.028557 0.054898
0 0.356957 0.271259 0.024403 0.053821
0 0.315161 0.284715 0.033229 0.067815
0 0.342420 0.481163 0.056594 0.075350
0 0.412773 0.372443 0.037383 0.083961
1 0.501298 0.495694 0.056594 0.100108
3 0.106438 0.877287 0.208723 0.161464
4 0.957425 0.113563 0.071651 0.171152
