0 0.128505 0.675996 0.051402 0.062433
0 0.118640 0.615178 0.049325 0.061356
0 0.237539 0.454790 0.044133 0.067815
0 0.324766 0.523143 0.051402 0.079656
0 0.330478 0.377826 0.046210 0.068891
0 0.301402 0.321851 0.030633 0.043057
0 0.241693 0.317008 0.033749 0.059203
0 0.624611 0.635630 0.036345 0.059203
0 0.769990 0.789559 0.042575 0.085038
0 0.783489 0.664693 0.041537 0.078579
0 0.645119 0.491389 0.036864 0.061356
0 0.688214 0.390205 0.037902 0.069968
0 0.763499 0.452099 0.044133 0.083961
0 0.800104 0.349300 0.051921 0.065662
0 0.713396 0.300323 0.030114 0.071044
0 0.792575 0.216362 0.039979 0.079656
