0 0.597092 0.601184 0.048806 0.110872
0 0.536864 0.429494 0.028037 0.062433
0 0.622793 0.286329 0.027518 0.064586
0 0.694704 0.372443 0.035306 0.071044
0 0.701194 0.228202 0.036864 0.073197
0 0.737020 0.190527 0.038941 0.064586
0 0.594756 0.201292 0.029595 0.047363
0 0.331776 0.209365 0.032191 0.048439
0 0.244289 0.357374 0.035826 0.075350
0 0.213655 0.267492 0.026480 0.052745
0 0.121236 0.332078 0.026480 0.054898
0 0.059450 0.372443 0.038941 0.073197
0 0.040239 0.480624 0.060748 0.104413
1 0.495846 0.498924 0.064382 0.102260
2 0.521028 0.536060 0.005711 0.015070
3 0.104881 0.876749 0.204569 0.162540
4 0.955088 0.111948 0.076324 0.172228
