0 0.089564 0.519914 0.044133 0.075350
0 0.191589 0.299785 0.025961 0.048439
0 0.318536 0.369752 0.035826 0.061356
0 0.331776 0.506997 0.039460 0.090420
0 0.284528 0.713132 0.052960 0.106566
0 0.363707 0.284177 0.028557 0.051668
0 0.426791 0.309473 0.022845 0.048439
0 0.446262 0.348224 0.026480 0.067815
0 0.686916 0.473628 0.025961 0.055974
0 0.832814 0.689451 0.038422 0.080732
0 0.890966 0.403660 0.026999 0.068891
0 0.838266 0.335845 0.025441 0.049516
0 0.715472 0.296017 0.030114 0.060280
0 0.775182 0.238967 0.024922 0.045210
0 0.832555 0.236276 0.034787 0.061356
0 0.811786 0.148009 0.029595 0.063509
1 0.501558 0.494080 0.055036 0.088267
3 0.103583 0.845533 0.205088 0.216362
4 0.957425 0.114639 0.071651 0.171152
