0 0.592420 0.574812 0.061267 0.135630
0 0.504154 0.369214 0.025961 0.058127
0 0.639148 0.287944 0.024922 0.059203
0 0.613707 0.221744 0.023884 0.055974
0 0.719367 0.235737 0.036864 0.077503
0 0.715732 0.161464 0.033749 0.073197
0 0.755711 0.374058 0.033749 0.072121
0 0.352025 0.216362 0.019730 0.053821
0 0.270768 0.303014 0.030633 0.063509
0 0.230530 0.262110 0.025961 0.052745
0 0.141485 0.326695 0.022326 0.050592
0 0.111371 0.344456 0.027518 0.051668
0 0.072949 0.455328 0.048287 0.064586
0 0.028557 0.498924 0.035306 0.087191
1 0.501558 0.494618 0.056075 0.095802
3 0.097871 0.878364 0.190550 0.155005
4 0.957425 0.111948 0.071651 0.170075
