1 0.501038 0.497309 0.057113 0.099031
0 0.406542 0.854144 0.049844 0.082885
0 0.570093 0.869214 0.045691 0.100108
0 0.704050 0.609795 0.023884 0.078579
0 0.805036 0.588267 0.023364 0.082885
0 0.768432 0.233584 0.023884 0.053821
0 0.688993 0.203983 0.019730 0.048439
0 0.643562 0.266416 0.027518 0.061356
0 0.605400 0.234661 0.024922 0.045210
0 0.524663 0.227126 0.025441 0.040904
0 0.507529 0.255651 0.020249 0.057051
0 0.485981 0.255113 0.017653 0.064586
0 0.473780 0.164693 0.014019 0.047363
3 0.104102 0.872982 0.201973 0.163617
4 0.956906 0.112487 0.072690 0.168999
