0 0.111111 0.620560 0.036345 0.054898
0 0.228453 0.657696 0.048806 0.079656
0 0.335929 0.545210 0.036345 0.085038
0 0.330478 0.436491 0.035826 0.061356
0 0.357477 0.326695 0.028557 0.059203
0 0.246366 0.411195 0.032710 0.053821
0 0.186916 0.451023 0.032191 0.053821
0 0.166407 0.322390 0.032710 0.057051
0 0.279076 0.291173 0.028557 0.048439
0 0.627466 0.643703 0.030633 0.075350
0 0.682243 0.638321 0.034268 0.062433
0 0.776739 0.719053 0.037383 0.079656
0 0.631880 0.533369 0.036345 0.074273
0 0.611371 0.375673 0.034787 0.058127
0 0.681724 0.308396 0.030114 0.067815
0 0.787383 0.467707 0.037902 0.089343
0 0.764278 0.338536 0.038422 0.082885
0 0.787643 0.249193 0.042575 0.072121
