0 0.200675 0.875673 0.055556 0.089343
0 0.102025 0.473628 0.048287 0.071044
0 0.221703 0.547363 0.049844 0.072121
0 0.330478 0.602799 0.044133 0.083961
0 0.436656 0.666308 0.051921 0.096878
0 0.547248 0.827772 0.071651 0.118407
0 0.282451 0.341765 0.034268 0.069968
0 0.455088 0.193757 0.032710 0.045210
0 0.470665 0.135630 0.029595 0.051668
0 0.537643 0.201292 0.029595 0.062433
0 0.561526 0.292250 0.022326 0.041981
0 0.588006 0.245425 0.027518 0.053821
0 0.600208 0.364370 0.031153 0.037675
0 0.648494 0.358450 0.032191 0.051668
0 0.650571 0.275565 0.029076 0.053821
0 0.746885 0.368676 0.028557 0.052745
